icpc@icpc:~/workspace/c/src$ java c
11 
0 0 
0 1 
0 -1 
1 0 
1 1 
1 -1 
-1 0 
-1 1 
-1 -1 
0 2 
1 2 
0, 3, 1, 4
0, 1, 3, 5
0, 3, 1, 7
0, 4, 1, 6
0, 1, 10, 4
0, 5, 1, 10
0, 6, 1, 7
0, 1, 6, 8
0, 8, 1, 10
0, 2, 3, 4
0, 3, 2, 5
0, 3, 2, 8
0, 2, 4, 10
0, 5, 2, 6
0, 2, 6, 7
0, 6, 2, 8
0, 9, 3, 10
0, 5, 4, 9
0, 6, 4, 10
0, 7, 4, 9
0, 6, 9, 10
0, 8, 7, 9
1, 3, 2, 6
1, 2, 3, 10
1, 4, 2, 5
1, 4, 2, 8
1, 5, 2, 7
1, 7, 2, 8
1, 3, 4, 9
1, 5, 3, 7
1, 5, 3, 9
1, 4, 6, 8
1, 9, 4, 10
1, 6, 7, 9
1, 8, 6, 9
1, 7, 9, 10
2, 4, 3, 8
2, 3, 9, 4
2, 3, 9, 7
2, 4, 9, 6
2, 5, 6, 7
2, 9, 5, 10
2, 6, 9, 7
2, 8, 9, 10
3, 6, 4, 7
3, 4, 6, 8
3, 5, 6, 7
3, 6, 5, 8
3, 8, 7, 10
4, 7, 5, 8
4, 6, 7, 10
4, 8, 6, 10
5, 6, 10, 7
6, 7, 10, 9
54
